94 
1 2 3 16 
2 3 5 34 36 
3 7 1 13 14 16 64 74 81 
4 3 19 22 72 
5 5 2 7 36 39 84 
6 6 9 10 13 44 73 88 
7 3 5 43 84 
8 2 72 85 
9 4 6 10 73 86 
10 4 6 9 86 88 
11 4 44 50 65 69 
12 5 18 77 78 83 91 
13 7 3 6 14 44 64 74 88 
14 5 3 13 15 16 64 
15 6 14 16 51 52 64 67 
16 6 1 3 14 15 52 53 
17 3 19 29 47 
18 5 12 73 78 80 89 
19 4 4 17 72 85 
20 3 75 77 78 
21 5 28 29 48 51 52 
22 2 4 47 
23 3 86 90 93 
24 2 49 57 
25 4 28 29 37 45 
26 2 30 62 
27 4 30 40 55 62 
28 6 21 25 29 45 51 94 
29 6 17 21 25 28 48 52 
30 4 26 27 55 62 
31 7 32 36 39 41 45 59 61 
32 5 31 42 45 59 94 
33 2 35 79 
34 4 2 57 61 66 
35 2 33 70 
36 4 2 5 31 39 
37 3 25 41 45 
38 7 42 50 56 58 59 68 94 
39 7 5 31 36 41 70 71 84 
40 3 27 55 62 
41 5 31 37 39 45 70 
42 4 32 38 59 94 
43 3 7 84 85 
44 4 6 11 13 65 
45 7 25 28 31 32 37 41 94 
46 3 48 53 76 
47 3 17 22 48 
48 6 21 29 46 47 52 53 
49 2 24 57 
50 7 11 38 54 65 68 69 94 
51 7 15 21 28 52 54 67 94 
52 8 15 16 21 29 48 51 53 67 
53 5 16 46 48 52 76 
54 5 50 51 67 69 94 
55 9 27 30 40 57 58 62 63 65 68 
56 7 38 57 58 59 61 63 66 
57 7 24 34 49 55 56 63 66 
58 5 38 55 56 63 68 
59 5 31 32 38 42 56 
60 3 62 65 73 
61 3 31 34 56 
62 7 26 27 30 40 55 60 65 
63 4 55 56 57 58 
64 6 3 13 14 15 67 69 
65 8 11 44 50 55 60 62 68 73 
66 3 34 56 57 
67 6 15 51 52 54 64 69 
68 5 38 50 55 58 65 
69 5 11 50 54 64 67 
70 4 35 39 41 71 
71 2 39 70 
72 4 4 8 19 85 
73 6 6 9 18 60 65 89 
74 3 3 13 81 
75 1 20 
76 2 46 53 
77 2 12 20 
78 3 12 18 20 
79 1 33 
80 4 18 89 90 91 
81 2 3 74 
82 4 83 91 92 93 
83 5 12 82 87 92 93 
84 5 5 7 39 43 85 
85 5 8 19 43 72 84 
86 7 9 10 23 88 89 90 93 
87 2 83 93 
88 4 6 10 13 86 
89 5 18 73 80 86 90 
90 5 23 80 86 89 91 
91 4 12 80 82 90 
92 2 82 83 
93 5 23 82 83 86 87 
94 8 28 32 38 42 45 50 51 54 
